-0.1 0.6151239689330891 0.9981212642944248
0.0 0.6151239689330891 0.9981212642944248
0.01 0.6153721110442951 0.9981212642944248
0.02 0.6238358046166307 0.9932049189603572
0.03 0.6556778965516855 0.9932049189603572
0.04 0.6568534482629949 0.9888768810797384
0.05 0.6644599947177914 0.9888768810797384
0.06 0.6658160880174269 0.9652298656800297
0.07 0.6756901124997317 0.9503973915409935
0.08 0.6850906209151569 0.9503973915409935
0.09 0.6860554203475969 0.9503973915409935
0.1 0.6979643541031149 0.9503973915409935
0.11 0.7081665189093218 0.9500497894556148
0.12 0.7368723217010473 0.9463760670695652
0.13 0.7361136988112491 0.9417004271035677
0.14 0.7435140618577388 0.9417004271035677
0.15 0.7670166368471999 0.9417004271035677
0.16 0.7684431634160267 0.9415419616041333
0.17 0.7678588072786172 0.9372139237235142
0.18 0.7677491223306653 0.9366374931177459
0.19 0.7705061756486483 0.9362308044529459
0.2 0.7707821810549728 0.9362308044529459
0.21 0.7767455337848318 0.917070292433291
0.22 0.7797084295167308 0.917070292433291
0.23 0.8030190434641169 0.917070292433291
0.24 0.8030190434641169 0.917070292433291
0.25 0.8031407316849362 0.9168886735174376
0.26 0.8034269406483958 0.9168886735174376
0.27 0.8036501238575443 0.9168886735174376
0.28 0.803835264154166 0.9165410714320591
0.29 0.8037754435419997 0.9161934693466804
0.3 0.8176269380262101 0.9148189997530705
0.31 0.8175397770732877 0.9142845169297552
0.32 0.8212469012474585 0.9142845169297552
0.33 0.837025873093707 0.8988756274495139
0.34 0.837025873093707 0.8988756274495139
0.35000000000000003 0.8487486903408563 0.8988756274495139
0.36 0.8484695552326399 0.8969247272501354
0.37 0.850815561637252 0.8925966893695163
0.38 0.8508071590096568 0.8925376030445044
0.39 0.8528688027888754 0.8775466634060338
0.4 0.8691884242220036 0.8775466634060338
0.41000000000000003 0.8691796772106102 0.8774791576568697
0.42 0.8898670863241787 0.8774791576568697
0.43 0.9037141718862938 0.8774791576568697
0.44 0.9037141718862938 0.8774791576568697
0.45 0.9072789719099889 0.8774791576568697
0.46 0.9085308693082067 0.8770640498223268
0.47000000000000003 0.9085308693082067 0.8770640498223268
0.48 0.9086082737939511 0.8770640498223268
0.49 0.9127005481463434 0.8770640498223268
0.5 0.912764668599612 0.8770640498223268
0.51 0.9127330997006967 0.8767164477369483
0.52 0.9131197106590845 0.8767164477369483
0.53 0.9168355063176885 0.8767164477369483
0.54 0.9169488231281171 0.8767164477369483
0.55 0.9317368990471685 0.8766489419877841
0.56 0.9317240591184556 0.8748593645596313
0.5700000000000001 0.9340280837883864 0.8556397662149641
0.58 0.9354315958385709 0.8556397662149641
0.59 0.9355691918641087 0.8552921641295855
0.6 0.9355430510705309 0.8549214086277882
0.61 0.9355430510705309 0.8549214086277882
0.62 0.9358879283652802 0.8547629431283537
0.63 0.9358879283652802 0.8547629431283537
0.64 0.935948478774355 0.8547629431283537
0.65 0.9333584823924189 0.8192695089373102
0.66 0.9333584823924189 0.8192695089373102
0.67 0.933016108959157 0.8147830055572568
0.68 0.936236324446637 0.795337435963991
0.6900000000000001 0.9410306651274022 0.795337435963991
0.7000000000000001 0.9410005025045998 0.793962966370381
0.71 0.9451156071088967 0.793962966370381
0.72 0.9450535890738944 0.7902892439843312
0.73 0.9450187936846633 0.7897600229830994
0.74 0.94372864494356 0.7705995109634444
0.75 0.9439462145838662 0.7701053209895397
0.76 0.9440569922116397 0.766372512278478
0.77 0.9447278215234374 0.766372512278478
0.78 0.9453950576272717 0.7663050065293138
0.79 0.9443529128583079 0.751124930304899
0.8 0.9641755916711504 0.7507773282195205
0.81 0.9643987578524342 0.7497651930498945
0.8200000000000001 0.964185567875863 0.7451373636033983
0.8300000000000001 0.9641782226333384 0.7449788981039639
0.84 0.9641505358652573 0.7443821703359303
0.85 0.9641431762446798 0.7442237048364959
0.86 0.9687753461979245 0.7429210982615689
0.87 0.9679655099040796 0.723534614993315
0.88 0.9671070527068962 0.7040265008882813
0.89 0.9722877221890629 0.7035913972393886
0.9 0.9722793884515438 0.7033738454149422
0.91 0.9922287953049955 0.6666672644015142
0.92 0.9994646444536487 0.5916840317798626
0.93 0.9996849976539538 0.5029028653872214
0.9400000000000001 0.999563133653826 0.36257375414221776
0.9500000000000001 0.9994816290860147 0.3055405912167929
0.96 0.999239878735424 0.20831550677239674
0.97 1.0 0.06517762853901136
0.98 1.0 0.019430535016312173
