-0.1 0.16397487207353262 0.9954191156064439
0.0 0.16397487207353262 0.9954191156064439
0.01 0.16397487207353262 0.9954191156064439
0.02 0.16407289669375108 0.9954191156064439
0.03 0.16477323137290947 0.9954191156064439
0.04 0.16932207505977773 0.9954191156064439
0.05 0.17082938841522405 0.9951843365875894
0.06 0.17202019376639052 0.9951843365875894
0.07 0.1737156333507605 0.9951843365875894
0.08 0.17563809254383367 0.9951843365875894
0.09 0.17676719754409775 0.9951843365875894
0.1 0.178231619237835 0.9943198962304819
0.11 0.18217613570487254 0.9943198962304819
0.12 0.1801784497177415 0.9330928025996834
0.13 0.18908771385841694 0.9113145564955855
0.14 0.18242626294207087 0.8492230225076794
0.15 0.18567823028104702 0.848358582150572
0.16 0.19508806018991606 0.848358582150572
0.17 0.20104551325011327 0.848358582150572
0.18 0.21304065056548843 0.848358582150572
0.19 0.21487997365297837 0.8265803360464742
0.2 0.22478038739399528 0.8070925321391543
0.21 0.2279730441984202 0.7876047282318347
0.22 0.21966046868178085 0.746338678220417
0.23 0.23922538091443699 0.7417577938268608
0.24 0.24449132322227968 0.7394673516300827
0.25 0.254540697446536 0.7371769094333047
0.26 0.2690824133879805 0.7371769094333047
0.27 0.2757959769208415 0.7371769094333047
0.28 0.2991418416026055 0.7348864672365266
0.29 0.3069290795737614 0.7348864672365266
0.3 0.30804755045643745 0.7348864672365266
0.31 0.36482751762668136 0.7348864672365266
0.32 0.3586646985719844 0.7153986633292069
0.33 0.3601552328222428 0.7153986633292069
0.34 0.3788969577158328 0.7153066634224801
0.35000000000000003 0.4134395023997275 0.7153066634224801
0.36 0.4213940572462901 0.7153066634224801
0.37 0.4225321592315026 0.6958188595151602
0.38 0.4315454518416006 0.6958188595151602
0.39 0.4356160935263194 0.6958188595151602
0.4 0.4359598027536568 0.6958188595151602
0.41000000000000003 0.4353211939391311 0.6935284173183821
0.42 0.5077649940719864 0.6935284173183821
0.43 0.5088585856979749 0.6909111967014695
0.44 0.538742615131702 0.6899547559321885
0.45 0.5431724487106656 0.6115302399372345
0.46 0.5433555061611872 0.5943328175730792
0.47000000000000003 0.5753587998865944 0.5771353952089239
0.48 0.6230383645089326 0.5771353952089239
0.49 0.6330137307415136 0.5771353952089239
0.5 0.625919905237088 0.5598459729380418
0.51 0.6260842448511981 0.5598459729380418
0.52 0.6967845862229176 0.5598459729380418
0.53 0.7122010899076825 0.5595191945179073
0.54 0.7145107376833983 0.5228339682464322
0.55 0.726543059419205 0.5032541644323856
0.56 0.8069635911449101 0.4029594024266072
0.5700000000000001 0.8077231202839428 0.4029594024266072
0.58 0.8081576408829657 0.4029594024266072
0.59 0.8086876324504123 0.4029594024266072
0.6 0.8100578680443092 0.40286740251988035
0.61 0.8100578680443092 0.40286740251988035
0.62 0.8095629939348389 0.40057696032310225
0.63 0.9567550296135857 0.4003421813042478
0.64 0.9993302841507556 0.40025018139752094
0.65 0.9993302841507556 0.40025018139752094
0.66 0.9993302841507556 0.40025018139752094
0.67 0.9993302841507556 0.40025018139752094
0.68 0.9992090010642711 0.33883908795326856
0.6900000000000001 0.9992090010642711 0.33883908795326856
0.7000000000000001 0.9992090010642711 0.33883908795326856
0.71 0.9992090010642711 0.33883908795326856
0.72 0.9992087864078126 0.3387470880465417
0.73 1.0 0.3387470880465417
0.74 1.0 0.3386550881398148
0.75 1.0 0.3386550881398148
0.76 1.0 0.3386550881398148
0.77 1.0 0.3386550881398148
0.78 1.0 0.26023057214486095
0.79 1.0 0.1623182522425873
0.8 1.0 0.1623182522425873
0.81 1.0 0.1623182522425873
0.8200000000000001 1.0 0.1623182522425873
0.8300000000000001 1.0 0.005469220252679542
0.84 1.0 0.002851999635766965
0.85 1.0 0.002851999635766965
0.86 1.0 0.002851999635766965
0.87 1.0 0.0025252212156324856
0.88 1.0 0.0025252212156324856
0.89 1.0 0.0025252212156324856
0.9 1.0 0.0025252212156324856
0.91 1.0 0.0002347790188543873
0.92 1.0 0.0002347790188543873
0.93 1.0 0.0002347790188543873
0.9400000000000001 1.0 0.0002347790188543873
