-0.1 0.05627585562878309 0.995292025367883
0.0 0.05627585562878309 0.995292025367883
0.01 0.057894599096231576 0.995292025367883
0.02 0.06156359760385551 0.995292025367883
0.03 0.0655113268909921 0.995292025367883
0.04 0.0690822996285452 0.995292025367883
0.05 0.0744325913075729 0.995292025367883
0.06 0.08388467422186877 0.995292025367883
0.07 0.09653701747969126 0.995292025367883
0.08 0.10692694404356928 0.995292025367883
0.09 0.12043354158637035 0.995292025367883
0.1 0.12846247785622253 0.995292025367883
0.11 0.13045807067430215 0.995292025367883
0.12 0.13715351306169754 0.995292025367883
0.13 0.14842428900293547 0.995292025367883
0.14 0.17147033360530486 0.995292025367883
0.15 0.19661228276310785 0.995292025367883
0.16 0.19694381857709295 0.9934575716051499
0.17 0.2082214588883121 0.9934575716051499
0.18 0.22709317798269624 0.9934575716051499
0.19 0.2459349375652547 0.9894336045225207
0.2 0.2651768673636387 0.9894336045225207
0.21 0.29255951268676045 0.9894336045225207
0.22 0.371291360981143 0.9894336045225207
0.23 0.37292356791647013 0.9854096374398914
0.24 0.39884077651912253 0.9854096374398914
0.25 0.4078126275275347 0.9854096374398914
0.26 0.40854861005036114 0.9854096374398914
0.27 0.40943500651945874 0.9813856703572621
0.28 0.45421050204643687 0.9813856703572621
0.29 0.46171600055859396 0.9813856703572621
0.3 0.5270366304367605 0.9813856703572621
0.31 0.5436591004503537 0.938857335304029
0.32 0.5646164965503284 0.938857335304029
0.33 0.629633580527679 0.938857335304029
0.34 0.6299637345821583 0.938857335304029
0.35000000000000003 0.6289619165312935 0.9348333682213997
0.36 0.734046022953947 0.9308094011387705
0.37 0.734046022953947 0.9308094011387705
0.38 0.7365745005468424 0.9308094011387705
0.39 0.7415668412146823 0.9308094011387705
0.4 0.744707490871064 0.9267854340561412
0.41000000000000003 0.7438793474771898 0.9227614669735119
0.42 0.7438793474771898 0.9227614669735119
0.43 0.7438793474771898 0.9227614669735119
0.44 0.7389027273967247 0.8802331319202789
0.45 0.7389027273967247 0.8802331319202789
0.46 0.7273261594915473 0.8296568627017872
0.47000000000000003 0.7306502325203491 0.825632895619158
0.48 0.7306502325203491 0.825632895619158
0.49 0.7592242284376083 0.825632895619158
0.5 0.7592242284376083 0.825632895619158
0.51 0.7592242284376083 0.825632895619158
0.52 0.7592242284376083 0.825632895619158
0.53 0.7592242284376083 0.825632895619158
0.54 0.7574290556150068 0.8175849614538995
0.55 0.7574290556150068 0.8175849614538995
0.56 0.7249146207150772 0.6899999562942
0.5700000000000001 0.7249146207150772 0.6899999562942
0.58 0.7120488752255419 0.6474716212409669
0.59 0.7107689387455154 0.6434476541583377
0.6 0.6843570274419531 0.5583909840518715
0.61 0.682792648370575 0.5543670169692423
0.62 0.682792648370575 0.5543670169692423
0.63 0.682792648370575 0.5543670169692423
0.64 0.682792648370575 0.5543670169692423
0.65 0.682792648370575 0.5543670169692423
0.66 0.682792648370575 0.5543670169692423
0.67 0.682792648370575 0.5543670169692423
0.68 0.682792648370575 0.5543670169692423
0.6900000000000001 0.6456729786861709 0.46931034686277595
0.7000000000000001 0.6456729786861709 0.46931034686277595
0.71 0.6443971297086576 0.4652863797801467
0.72 0.6443971297086576 0.4652863797801467
0.73 0.6195052380985843 0.41805007009479656
0.74 0.6172227040123694 0.41402610301216725
0.75 0.6149126194586048 0.41000213592953794
0.76 0.6125744826023803 0.4059781688469088
0.77 0.5860084906675501 0.3634498337936756
0.78 0.5860084906675501 0.3634498337936756
0.79 0.5555309936861155 0.32092149874044257
0.8 0.5555309936861155 0.32092149874044257
0.81 0.5518789247602546 0.31621352410832554
0.8200000000000001 0.46493456247037196 0.22310891983660064
0.8300000000000001 0.46493456247037196 0.22310891983660064
0.84 0.46493456247037196 0.22310891983660064
0.85 0.45963307460611386 0.21840094520448358
0.86 0.8370120248243953 0.21840094520448358
0.87 0.8318249419722561 0.21035301103922505
0.88 0.7978239776881407 0.16782467598599193
0.89 0.7978239776881407 0.16782467598599193
0.9 0.7938810056126681 0.16380070890336268
0.91 0.7938810056126681 0.16380070890336268
0.92 0.7855149434154964 0.15575277473810417
0.93 0.7810719623473248 0.15172880765547492
0.9400000000000001 0.7810719623473248 0.15172880765547492
0.9500000000000001 0.771609925277623 0.1436808734902164
0.96 1.0 0.1436808734902164
0.97 1.0 0.1356329393249579
0.98 1.0 0.09310460427172478
