-0.1 0.6663079351726673 1.0
0.0 0.6663079351726673 1.0
0.01 0.6663079351726673 1.0
0.02 0.6663079351726673 1.0
0.03 0.6663079351726673 1.0
0.04 0.6663079351726673 1.0
0.05 0.6663079351726673 1.0
0.06 0.6663079351726673 1.0
0.07 0.6663079351726673 1.0
0.08 0.6663079351726673 1.0
0.09 0.6663079351726673 1.0
0.1 0.6663079351726673 1.0
0.11 0.6663079351726673 1.0
0.12 0.6663079351726673 1.0
0.13 0.6663079351726673 1.0
0.14 0.6663079351726673 1.0
0.15 0.6663079351726673 1.0
0.16 0.666118312377331 0.9991476401994754
0.17 0.6664970538811357 0.9991476401994754
0.18 0.6664970538811357 0.9991476401994754
0.19 0.6664970538811357 0.9991476401994754
0.2 0.6664970538811357 0.9991476401994754
0.21 0.6704434084946437 0.9817929312577826
0.22 0.6704434084946437 0.9817929312577826
0.23 0.6704434084946437 0.9817929312577826
0.24 0.6704434084946437 0.9817929312577826
0.25 0.6704434084946437 0.9817929312577826
0.26 0.6704434084946437 0.9817929312577826
0.27 0.6704434084946437 0.9817929312577826
0.28 0.6704434084946437 0.9817929312577826
0.29 0.6704434084946437 0.9817929312577826
0.3 0.6704434084946437 0.9817929312577826
0.31 0.6704434084946437 0.9817929312577826
0.32 0.6784842092990566 0.9817929312577826
0.33 0.6784842092990566 0.9817929312577826
0.34 0.6867202221295868 0.9817929312577826
0.35000000000000003 0.6867202221295868 0.9817929312577826
0.36 0.6867202221295868 0.9817929312577826
0.37 0.6867202221295868 0.9817929312577826
0.38 0.686093759356818 0.9789397104467491
0.39 0.686093759356818 0.9789397104467491
0.4 0.686093759356818 0.9789397104467491
0.41000000000000003 0.6863163625935617 0.9780873506462245
0.42 0.6863163625935617 0.9780873506462245
0.43 0.6863163625935617 0.9780873506462245
0.44 0.6863163625935617 0.9780873506462245
0.45 0.790153849467553 0.9780873506462245
0.46 0.790153849467553 0.9780873506462245
0.47000000000000003 0.790153849467553 0.9780873506462245
0.48 0.8013894154478103 0.9780873506462245
0.49 0.8013894154478103 0.9780873506462245
0.5 0.8013894154478103 0.9780873506462245
0.51 0.8013894154478103 0.9780873506462245
0.52 0.8013894154478103 0.9780873506462245
0.53 0.8013894154478103 0.9780873506462245
0.54 0.8129491179789046 0.9780873506462245
0.55 0.8129491179789046 0.9780873506462245
0.56 0.8129491179789046 0.9780873506462245
0.5700000000000001 0.8248471889466937 0.9780873506462245
0.58 0.8222456311759426 0.9607326417045318
0.59 0.8221158656886797 0.9598802819040073
0.6 0.8166657348095576 0.9251708640206215
0.61 0.8166657348095576 0.9251708640206215
0.62 0.8166657348095576 0.9251708640206215
0.63 0.8138134824358962 0.9078161550789285
0.64 0.8138134824358962 0.9078161550789285
0.65 0.8266746058285737 0.9078161550789285
0.66 0.8210174961420713 0.8731067371955428
0.67 0.8210174961420713 0.8731067371955428
0.68 0.8210174961420713 0.8731067371955428
0.6900000000000001 0.8210174961420713 0.8731067371955428
0.7000000000000001 0.8215329187575594 0.8722543773950184
0.71 0.8215329187575594 0.8722543773950184
0.72 0.795020892779679 0.6676177402703446
0.73 0.7906952862000997 0.6502630313286517
0.74 0.7904781299136401 0.6494106715281271
0.75 0.7904781299136401 0.6494106715281271
0.76 0.7792659816263083 0.44392167460292886
0.77 0.8049943491784196 0.44392167460292886
0.78 0.8049943491784196 0.44392167460292886
0.79 0.7975766553831244 0.4237137448502025
0.8 0.7975766553831244 0.4237137448502025
0.81 0.8197851774703242 0.40635903590850964
0.8200000000000001 0.8187418441426887 0.4035058150974761
0.8300000000000001 0.8201603100324706 0.4035058150974761
0.84 0.818478622234008 0.39894787468539356
0.85 0.8486962814145735 0.39894787468539356
0.86 0.8828929848061567 0.39894787468539356
0.87 0.8828929848061567 0.39894787468539356
0.88 0.879705329391529 0.38074080594317616
0.89 0.879705329391529 0.38074080594317616
0.9 0.8746802292088454 0.36338609700148333
0.91 0.753032393976093 0.15874945987680944
0.92 0.802904053230232 0.14139475093511653
0.93 0.8906786268428236 0.14139475093511653
0.9400000000000001 1.0 0.13969003133406754
0.9500000000000001 1.0 0.0876259045089889
0.96 1.0 0.05291648662560313
0.97 1.0 0.0008523598005244917
0.98 1.0 0.0008523598005244917