-0.1 0.540887249086692 0.9998082707674346
0.0 0.540887249086692 0.9998082707674346
0.01 0.540887249086692 0.9998082707674346
0.02 0.5410312708301455 0.9998082707674346
0.03 0.5424805342371755 0.9998082707674346
0.04 0.5424805342371755 0.9998082707674346
0.05 0.5437920097945591 0.9998082707674346
0.06 0.5460566128143275 0.9998082707674346
0.07 0.5492429684204548 0.9998082707674346
0.08 0.5522015234202272 0.9998082707674346
0.09 0.5572263794752882 0.9998082707674346
0.1 0.5593639967358276 0.9998082707674346
0.11 0.5672809804492067 0.9998082707674346
0.12 0.5721866194351458 0.9998082707674346
0.13 0.5684814540958353 0.9759283350741609
0.14 0.5702917161822927 0.9759283350741609
0.15 0.5711513444113203 0.9759283350741609
0.16 0.5792101980314059 0.9759283350741609
0.17 0.5759406845195395 0.9520483993808871
0.18 0.5813372123874839 0.9281684636876134
0.19 0.5854532787482566 0.9281684636876134
0.2 0.5910133609793977 0.9274710336598433
0.21 0.5952417837128577 0.9274710336598433
0.22 0.5998834151435776 0.9274710336598433
0.23 0.6111412168688442 0.9274710336598433
0.24 0.6327007149095776 0.927279304427278
0.25 0.6434171817856779 0.927279304427278
0.26 0.6550037461078411 0.9086359116050183
0.27 0.6588097307765379 0.9086359116050183
0.28 0.6666834020522575 0.8906184411167212
0.29 0.6719038766042156 0.8904267118841558
0.3 0.681443291342415 0.8680358516014909
0.31 0.6888858765933598 0.8675528901722699
0.32 0.7029901242172836 0.8673611609397046
0.33 0.7039957718069986 0.8673611609397046
0.34 0.7029240117315181 0.8629162819202998
0.35000000000000003 0.7343127227075121 0.8627245526877344
0.36 0.7379973826364778 0.8625328234551691
0.37 0.7488947553450319 0.8625328234551691
0.38 0.7769134343134808 0.8625328234551691
0.39 0.7759632159891352 0.8396870154823365
0.4 0.7807841933264497 0.8396870154823365
0.41000000000000003 0.7808434956819089 0.8396870154823365
0.42 0.7890928072096681 0.8396870154823365
0.43 0.7987784067997867 0.8165044913480624
0.44 0.8006795841850438 0.7985585100848022
0.45 0.8054578850652258 0.7984870208597652
0.46 0.7927885651792453 0.7341987543955295
0.47000000000000003 0.7935705918146524 0.7341987543955295
0.48 0.8051271009318165 0.7335864561658229
0.49 0.8063494580864179 0.7335864561658229
0.5 0.802650409615446 0.7156404749025628
0.51 0.8178554820532857 0.7156404749025628
0.52 0.8236891084134411 0.7156404749025628
0.53 0.8154597755742037 0.6738145579460287
0.54 0.8264971607684954 0.6506320338117547
0.55 0.8243368021260136 0.640950611921336
0.56 0.8268766687118619 0.6407588826887706
0.5700000000000001 0.8268766687118619 0.6407588826887706
0.58 0.818683890611808 0.5982355541732371
0.59 0.8392961921514431 0.5982355541732371
0.6 0.8304408843907912 0.5571070487757029
0.61 0.8513490549725745 0.5391610675124427
0.62 0.8470138620911614 0.5212150862491826
0.63 0.835871537785293 0.4794399039289153
0.64 0.8212231644046629 0.4321142256437651
0.65 0.878072596595875 0.4139485015627927
0.66 0.9485849794081678 0.39600252029953253
0.67 0.9471845833795308 0.3780565390362724
0.68 0.9979559759268615 0.37798504981123554
0.6900000000000001 0.9978215371126427 0.35461079644439597
0.7000000000000001 0.9977056801630602 0.3366648151811358
0.71 0.9982728881327564 0.3366648151811358
0.72 0.998174721677915 0.3185271046853102
0.73 0.998174721677915 0.3185271046853102
0.74 0.9980659555057727 0.30058112342205
0.75 0.9996688641167052 0.30038939418948457
0.76 0.9996407478856476 0.2768721623725713
0.77 0.9996407478856476 0.2768721623725713
0.78 1.0 0.2764887039074405
0.79 1.0 0.2764887039074405
0.8 1.0 0.2764887039074405
0.81 1.0 0.23516846927734075
0.8200000000000001 1.0 0.23516846927734075
0.8300000000000001 1.0 0.21198594514306662
0.84 1.0 0.1656208968745184
0.85 1.0 0.1656208968745184
0.86 1.0 0.14174096118124474
0.87 1.0 0.14147774272364247
0.88 1.0 0.14147774272364247
0.89 1.0 0.10094917194515199
0.9 1.0 0.08271195848523626
0.91 1.0 0.08271195848523626
0.92 1.0 0.08271195848523626
0.93 1.0 0.05952943435096213
0.9400000000000001 1.0 0.018209199720862445
0.9500000000000001 1.0 0.018209199720862445
